Hour,Minute,Year,Month,Date,ATT1,ATT2,ATT3,ATT4,ATT5,ATT6,ATT7,ATT8,ATT9,ATT10,ATT11,ATT12,ATT13,ATT14,ATT15,ATT16,ATT17,ATT18,ATT19,ATT20,ATT21,ATT22,ATT23,ATT24,ATT25,ATT26,ATT27,ATT28,ATT29,ATT30,ATT31,ATT32,ATT33,ATT34,ATT35,ATT36,ATT37,ATT38,ATT39,ATT40,ATT41,ATT42,ATT43,ATT44,ATT45,ATT46,ATT47,ATT48,ATT49,ATT50,ATT51,ATT52,ATT53,ATT54,ATT55,ATT56,ATT57,ATT58,ATT59,ATT60,ATT61,ATT62,ATT63,ATT64,ATT65,ATT66,ATT67,ATT68,ATT69,ATT70,ATT71,ATT72,ATT73,ATT74,ATT75,ATT76,ATT77,ATT78,ATT79,ATT80,ATT81,ATT82,ATT83,ATT84,ATT85,ATT86,ATT87,ATT88,ATT89,ATT90,ATT91,ATT92,ATT93,ATT94,ATT95,ATT96,ATT97,ATT98,ATT99,ATT100,ATT101,ATT102,ATT103,ATT104,ATT105,ATT106,ATT107,ATT108,ATT109,ATT110,ATT111,ATT112,ATT113,ATT114,ATT115,ATT116,ATT117,ATT118,ATT119,ATT120,ATT121,ATT122,ATT123,ATT124,ATT125,ATT126,ATT127,ATT128,ATT129,ATT130,ATT131,ATT132
0,0,2019,7,30,-10.0,-999.0,0.0,21600.0,-10.0,-10.0,-10.0,9.018929816782476,12.20439910888672,5.090591430664063,9.356746673583984,7.386991500854492,5846.5888671875,266.42852783203125,252.74978637695312,9.11260986328125,8.549041748046875,3158.085693359375,279.2783203125,266.37478637695307,8.826080322265625,8.440151214599611,1536.352783203125,290.1288757324219,282.4372863769531,7.980082511901855,9.611997604370117,295.2313232421875,287.22080993652344,10.12806510925293,4.7660865783691415,298.73541259765625,293.334716796875,4.193906784057616,0.1279144287109375,0.0625,-0.02947711944580078,-0.004128694534301758,101450.0,125.79256439208984,0.0,0.0,0.0,0.0,0.0,0.0,0.0,0.0,0.0,0.0,0.0,0.0,0.0,0.0,6.662324905395508,0.16798973083496094,99460.0,173.80775451660156,298.7749938964844,0.0,21.5,0.0,0.0,0.0,0.0,298.5296630859375,299.0237121582031,0.014640000000000004,293.0553894042969,71.9,3.978565216064453,0.19864463806152344,4.004721838980913,3.978565216064453,0.19864463806152344,-50.0,0.0,0.0,0.0,0.0,0.0,0.0,0.0,0.0,0.0,0.0,0.0,0.4428,0.28,10.0,36.0,50.0,14.0,-1.8,530.0,-39.0,31.51168155670166,0.0,0.0,5.875,5.875,--,--,--,--,--,283.8,104.7,373.70000000000016,16.25,415.62701416015625,464.0,33.2,40.8,26.0,22.0,15.611974716186525,4.123332977294922,4.7284584045410165,7.817350387573242,1.9154777526855469,7.664520263671875,4307.72296875,43.0,60800.0,4310.0,43.0,60700.0,6360.0,7960.0,-1.5,470.0
1,0,2019,7,30,-10.0,-999.0,0.0,17700.0,-10.0,-10.0,-10.0,5.7732235230505475,9.586692810058594,7.070964813232423,10.688556671142578,12.123737335205078,5847.6884765625,265.6801147460937,264.12478637695307,11.477322578430176,8.714448928833008,3156.739501953125,279.51052856445307,272.37478637695307,10.095999717712402,7.9327430725097665,1533.1312255859375,290.2106018066406,283.4077911376953,7.176909446716309,10.081249237060547,294.9015808105469,287.4997863769531,10.387518882751463,4.966316223144531,297.553955078125,293.54664611816406,2.120197296142578,0.2359771728515625,0.0,-0.03159475326538086,-0.025007963180541992,101427.0,123.99317169189452,0.0,0.0,0.0,0.0,0.0,0.0,0.0,0.0,0.0,0.0,0.0,0.0,0.0,0.0,4.297286987304688,-0.0006771087646484375,99440.0,173.80775451660156,296.2124938964844,0.0,23.3,0.0,0.0,0.0,0.0,296.4620361328125,297.0009460449219,0.014990000000000003,293.45037841796875,80.30000000000003,1.1854934692382812,0.22948455810546875,1.1915937103331091,1.1854934692382812,0.22948455810546875,-50.0,0.0,0.0,0.0,0.0,0.0,0.0,0.0,0.0,0.0,0.0,0.0,0.4428,0.03,0.0,0.0,60.0,14.0,-2.2,410.0,-89.0,40.914738178253174,0.0,2.25,10.625,10.625,--,--,--,--,--,271.8,0.0,376.1,0.0,401.57501220703125,0.0,0.0,0.0,41.90000000000001,17.2,14.485504150390625,1.4867839813232422,6.61329460144043,7.5978145599365225,5.907035827636719,8.098770141601562,4328.601875,78.0,60600.0,4330.0,78.0,60600.0,6210.0,8090.0,-1.9,340.0
2,0,2019,7,30,36.5,6804.200000000003,0.306,15700.0,-10.0,-6.3125,16.625,3.279929768294096,11.52691650390625,7.900157928466798,9.076335906982422,12.48652458190918,5848.5390625,265.64407348632807,264.93728637695307,10.801897048950195,7.661306381225586,3158.7646484375,279.65582275390625,276.87478637695307,9.61099624633789,7.445209503173827,1534.201171875,290.1143798828125,285.3747863769531,9.21766757965088,9.409896850585938,295.34783935546875,288.1560363769531,9.556939125061037,5.3260040283203125,296.7183532714844,293.74131774902344,0.3379135131835937,0.9540519714355468,0.0,-0.04122781753540039,-0.0017609596252441406,101430.0,124.563720703125,0.0,24.5,0.0,0.0,0.0,0.0,0.0,0.0,0.0,0.0,0.0,0.0,0.0,0.0,0.8751354217529297,1.2495403289794922,99450.0,173.80775451660156,295.96905517578125,0.0,26.20000000000001,0.0,0.0,0.0,0.0,296.0531921386719,296.5525817871094,0.015059999999999999,293.46844482421875,84.9,-1.0674123764038086,1.1208629608154297,1.564115884480998,-1.0674123764038086,1.1208629608154297,-50.0,0.0,0.0,0.0,0.0,0.0,0.0,0.0,0.0,0.0,0.0,0.0,0.4428,0.09,-2.0,4.0,40.0,14.0,-1.9,330.0,-125.0,46.75107681751251,0.0,23.125,0.0,23.125,57300.0,4779.101505279541,--,44800.0,--,214.9,0.0,408.20000000000016,0.0,400.1329956054688,0.0,0.0,0.0,55.0,29.9,12.737550735473633,0.06894683837890625,8.663547515869139,6.833955764770508,7.529247283935548,6.4229164123535165,4258.511875,91.0,61200.0,4260.0,91.0,61100.0,6260.0,7980.0,-1.6,260.0
3,0,2019,7,30,24.25,6804.200000000003,0.34800000000000003,15300.0,21.375,22.0,15.625,4.224782951176167,14.211433410644533,8.647834777832031,8.133560180664062,13.224246978759766,5854.62255859375,265.33160400390625,264.37478637695307,10.431317329406738,5.434564590454102,3163.6162109375,279.54547119140625,276.31228637695307,8.550004959106445,7.388486862182617,1537.9683837890625,290.419189453125,288.0622863769531,9.732816696166992,9.803607940673828,295.1086730957031,288.3122863769531,10.642586708068848,5.9660186767578125,296.5581970214844,293.3122863769531,0.5533332824707031,1.4360065460205078,0.0,0.017084121704101562,-0.016016244888305664,101469.0,127.94842147827148,11.25,23.0625,0.0,0.0,0.0,0.0,0.0,0.0,0.0,0.0,0.0031899999999999997,0.0,0.0,0.0,0.32574462890625,3.3707523345947266,99500.0,173.80775451660156,295.60113525390625,0.0,47.6,0.0,0.0,0.0,0.0,295.8743896484375,296.2978210449219,0.015070000000000004,293.4997863769531,85.9,-0.3197011947631836,2.0564002990722656,2.0640982846962292,-0.3197011947631836,2.0564002990722656,-50.0,0.0,0.0,0.0,0.0,0.0,0.0,0.0,0.0,0.0,0.0,0.0,0.4428,0.14,-5.0,20.0,65.0,14.0,-2.1,320.0,-96.0,48.21521079540253,0.0,36.75,0.0,36.75,66600.0,3576.1569595336914,3589.434871673584,38500.0,6071.127380371094,213.8,0.0,412.70000000000016,0.0,398.3580627441406,0.0,0.0,0.0,74.0,64.7,9.822757720947266,-1.414031982421875,10.44876480102539,2.843822479248047,7.755809783935548,2.435516357421875,4352.940625,100.0,60500.0,4350.0,100.0,60400.0,6220.0,7900.0,-2.2,350.0
4,0,2019,7,30,-10.0,-999.0,0.0,15100.0,-10.0,-10.0,-10.0,4.160557262599468,15.882001876831055,8.318111419677733,8.274932861328125,12.131668090820312,5851.30224609375,265.11376953125,259.18728637695307,9.921107292175293,3.761857032775879,3163.4775390625,278.9755249023437,277.81228637695307,8.024744033813478,7.476978302001952,1539.477294921875,289.8226318359375,286.8747863769531,10.90366268157959,9.745832443237305,295.42047119140625,289.0622863769531,9.78984832763672,7.5056800842285165,296.46099853515625,293.6872863769531,0.7846708297729492,0.7242622375488281,0.0,-0.028374671936035163,-0.008090019226074219,101494.0,129.67865753173828,0.0,0.0,0.0,0.0,0.0,0.0,0.0,0.0,0.0,0.0,0.0,0.0,0.0,0.0,0.8632907867431641,1.6760807037353516,99500.0,173.80775451660156,295.5267028808594,0.0,60.1,0.1,0.0,0.0,0.0,295.6730041503906,296.1139831542969,0.01542,293.8747863769531,87.80000000000004,-0.09091758728027344,0.5862655639648438,0.564928472507745,-0.09091758728027344,0.5862655639648438,-50.0,0.0,0.0,0.0,0.0,0.0,0.0,0.0,0.0,0.0,0.0,0.0,0.4428,0.01,0.0,1.0,52.0,14.0,-2.5,440.0,-83.0,47.916386842727654,5.875,44.5,0.0,44.5,--,--,--,--,--,269.7,0.0,383.4,0.0,397.9510498046875,0.0,0.0,0.0,51.0,48.3,9.105953216552734,-1.7788963317871094,9.55649185180664,10.495018005371094,6.0355377197265625,1.0326042175292969,4247.835625,97.0,61300.0,4250.0,97.0,61200.0,6160.0,7890.0,-1.8,300.0
5,0,2019,7,30,-10.0,-999.0,0.0,14200.0,-10.0,-10.0,-10.0,5.993546903133392,16.620964050292972,8.96823501586914,9.968439102172852,11.326070785522461,5844.3095703125,264.7069091796875,257.68728637695307,10.152612686157227,1.8727340698242188,3160.40380859375,278.6488037109375,277.81228637695307,8.402641296386719,4.3130836486816415,1536.21484375,290.2156066894531,287.8747863769531,9.270753860473633,8.677148818969728,294.3075866699219,291.3747863769531,6.655616760253906,5.872312545776367,296.0899658203125,293.8747863769531,0.5738439559936523,0.03875160217285156,0.0,-0.03667259216308594,0.0033304691314697266,101473.0,127.9658432006836,0.0,0.0,0.0,0.0,0.0,0.0,0.0,0.0,0.0,0.0,0.0,0.0,0.0,0.0,3.0213394165039062,0.16678619384765625,99500.0,173.80775451660156,295.1004333496094,0.0,58.5,0.1,0.0,0.0,0.0,295.2065124511719,295.6134948730469,0.01525,293.6872863769531,89.9,-0.1307697296142578,0.002728462219238281,0.12582118494901806,-0.1307697296142578,0.002728462219238281,-50.0,0.0,0.0,0.0,0.0,0.0,0.0,0.0,0.0,0.0,0.0,0.0,0.4428,0.01,0.0,0.0,66.0,14.0,-2.4000000000000004,400.0,-100.0,49.73808026313782,0.875,22.25,16.125,22.25,--,--,--,--,--,266.8,0.0,385.4,0.0,395.4880676269531,0.0,0.0,0.0,62.0,30.1,6.162698745727539,-3.2213096618652344,7.797391891479492,8.838119506835938,5.28643798828125,-0.8866062164306641,4099.73609375,100.0,62400.0,4100.0,100.0,62300.0,6080.0,7900.0,-3.8,820.0
6,0,2019,7,30,10.0625,-999.0,0.032,13800.0,-3.4375,-10.0,-10.0,7.4125188142061225,16.485939025878903,8.955856323242188,10.931934356689453,13.697751998901367,5847.5380859375,264.0018920898437,261.81228637695307,9.929983139038086,2.433324813842773,3162.76123046875,279.94000244140625,277.43728637695307,7.265501022338867,2.40742301940918,1535.4912109375,289.41552734375,287.8747863769531,11.819524765014648,4.497795104980469,294.2733154296875,291.1247863769531,10.65666675567627,3.909564971923828,296.00433349609375,293.9997863769531,0.5407896041870117,1.5166568756103516,0.0,0.0019474029541015625,-0.02711796760559082,101466.0,127.82418823242188,0.0,0.0,0.0,0.0,0.0,0.0,0.0,0.0,0.0,0.0,0.0043100000000000005,0.0,0.0,0.0,3.3252277374267583,3.31387710571289,99490.0,173.80775451660156,295.1301574707031,0.0,82.5,0.4,0.0,0.0,0.0,295.30255126953125,295.7933654785156,0.015320000000000004,293.7497863769531,90.2,0.18996524810791016,1.1606340408325195,1.1878753808268812,0.18996524810791016,1.1606340408325195,-50.0,0.0,0.0,0.0,0.0,0.0,0.0,0.0,0.0,0.0,0.0,0.0,0.4428,0.08,-3.0,10.0,90.0,14.0,-3.9,480.0,-78.0,50.38418090343475,0.0,30.625,8.375,30.625,41500.0,7267.283020019531,7907.130668640137,33300.0,8587.702587127686,262.1,0.0,385.8,0.0,395.61354064941406,0.0,0.0,0.0,60.0,97.3,4.722696304321289,-3.261787414550781,11.63064193725586,2.870220184326172,6.0196895599365225,-2.6990070343017583,4225.524375,97.0,61500.0,4230.0,97.0,61400.0,5890.0,7760.0,-5.0,820.0
7,0,2019,7,30,-10.0,-999.0,0.0,13200.0,-10.0,-10.0,-10.0,5.601216871291399,17.631826400756836,10.2545166015625,11.450899124145508,13.072160720825195,5842.5234375,264.60928344726557,253.87478637695312,9.68044662475586,0.8412542343139648,3159.49658203125,279.9013061523437,276.74978637695307,7.361530303955077,1.0159072875976562,1532.86181640625,289.7597351074219,286.1872863769531,13.551589965820312,3.5756568908691406,294.91058349609375,290.1568908691406,11.055505752563477,3.400653839111328,295.83819580078125,293.9921569824219,0.4730186462402344,0.8120365142822266,0.0,-0.0201568603515625,-0.0018203258514404297,101432.0,124.32881546020508,0.0,0.0,0.0,0.0,0.0,0.0,0.0,0.0,0.0,0.0,0.0,0.0,0.0,0.0,0.5914039611816406,2.829193115234375,99440.0,173.80775451660156,294.9917297363281,0.0,74.60000000000002,0.5,0.0,0.0,0.0,295.1019592285156,295.5766906738281,0.01542,293.8747863769531,92.1,-0.4770135879516602,0.4895496368408203,0.6267915251664817,-0.4770135879516602,0.4895496368408203,-50.0,0.0,0.0,0.0,0.0,0.0,0.0,0.0,0.0,0.0,0.0,0.0,0.4428,0.04,-1.0,4.0,55.0,14.0,-2.8000000000000003,570.0,-89.0,44.975725412368774,4.25,18.625,1.375,18.625,--,--,--,--,--,272.40000000000003,0.0,380.1,0.0,394.99896240234375,0.0,0.0,0.0,90.8,133.20000000000002,4.277168273925781,-3.933422088623047,13.849737167358398,2.89851188659668,6.210214614868164,-3.4862575531005864,4124.9365625,89.0,62300.0,4120.0,89.0,62100.0,6080.0,7630.0,-3.5,780.0
8,0,2019,7,30,-10.0,-999.0,0.0,13900.0,-10.0,-10.0,-10.0,2.0566366016864777,18.301847457885746,10.49448013305664,11.207283020019533,10.88212776184082,5840.58642578125,265.125,249.43728637695312,9.640389442443848,1.0747451782226562,3155.050048828125,280.25802612304693,276.43728637695307,7.524337768554687,1.7664718627929688,1529.124267578125,289.22412109375,286.041748046875,12.73155403137207,1.882160186767578,294.3157958984375,290.3868560791016,9.974679946899414,2.6261348724365234,295.89678955078125,293.44764709472656,0.6762981414794922,0.2688121795654297,0.0,-0.01564311981201172,-0.019783735275268555,101412.0,122.71805667877196,0.0,0.0,0.0,0.0,0.0,0.0,0.0,0.0,0.0,0.0,0.0,0.0,0.0,0.0,0.36171913146972656,1.704010009765625,99420.0,173.80775451660156,294.5682067871094,0.0,71.10000000000002,0.5,0.0,0.0,0.0,294.73028564453125,295.27728271484375,0.01513,293.5622863769531,90.4,0.03758335113525391,-0.4964752197265625,0.5016377811552957,0.03758335113525391,-0.4964752197265625,-50.0,0.0,0.0,0.0,0.0,0.0,0.0,0.0,0.0,0.0,0.0,0.0,0.4428,0.01,0.0,0.0,55.0,14.0,-1.9,420.0,-79.0,42.214751958847046,0.0,5.875,0.0,5.875,--,--,--,--,--,276.7,0.0,378.1,0.0,392.5944519042969,0.0,0.0,0.0,96.7,145.70000000000005,5.3488502502441415,-4.993993759155273,12.087398529052734,1.47943115234375,6.491001129150393,-2.116504669189453,4161.2196875,79.0,61900.0,4160.0,79.0,61800.0,6120.0,7570.0,-2.6,640.0
9,0,2019,7,30,-10.0,-999.0,0.0,13600.0,-10.0,-10.0,-10.0,1.610603742301464,16.900688171386722,11.768932342529295,10.935882568359377,11.879596710205078,5840.08203125,265.18698120117193,236.43728637695312,9.523317337036133,1.6107168197631836,3156.74560546875,280.28173828125,276.74978637695307,8.418102264404299,3.8170871734619136,1530.435546875,289.07470703125,286.5622863769531,9.558691024780273,-0.2000732421875,293.1947021484375,292.93280029296875,8.16505241394043,2.154281616210937,295.54742431640625,293.12696838378906,0.6107044219970703,0.2910442352294922,0.0,0.01734161376953125,0.00225520133972168,101442.0,125.73532581329346,0.0,0.0,0.0,0.0,0.0,0.0,0.0,0.0,0.0,0.0,0.0,0.0,0.0,0.0,0.3640937805175781,1.3289833068847656,99470.0,173.80775451660156,294.22625732421875,0.0,69.2,0.5,0.0,0.0,0.0,294.4129333496094,294.8782958984375,0.01483,293.2497863769531,91.2,0.18041229248046875,-0.4969320297241211,0.5015547369839624,0.18041229248046875,-0.4969320297241211,-50.0,0.0,0.0,0.0,0.0,0.0,0.0,0.0,0.0,0.0,0.0,0.0,0.4428,0.01,0.0,0.0,60.0,14.0,-1.2000000000000002,300.0,-86.0,43.33983027935028,50.375,0.0,0.25,50.375,94400.0,623.9318447113037,471.8957061767578,87500.0,1565.2350463867188,273.5,0.0,425.1,0.0,391.01393127441406,0.0,0.0,0.0,95.9,118.2,5.859723091125487,-5.2986907958984375,8.453845024108888,-0.17752838134765625,6.8564109802246085,-1.0914459228515625,4107.2615625,79.0,62400.0,4110.0,79.0,62200.0,6150.0,7510.0,-4.7,1520.0
10,0,2019,7,30,15.1875,-999.0,0.0128,8300.0,-10.0,-10.0,-10.0,4.290430635213852,17.520977020263672,12.465921401977539,13.145393371582033,13.277751922607422,5835.79541015625,264.9744873046875,242.31228637695312,10.329202651977539,1.8381462097167969,3156.319091796875,279.472900390625,277.93728637695307,9.368785858154297,4.75692081451416,1532.5263671875,288.5872802734375,286.6872863769531,8.008781433105469,0.8793478012084961,292.49822998046875,291.73973083496094,6.163341522216798,1.3246746063232422,294.41656494140625,293.3290252685547,0.1672067642211914,0.7873573303222656,0.0,0.009303092956542969,0.006254911422729492,101513.0,131.78024768829346,27.125,0.0,0.0,0.0,0.0,0.0,0.0,0.0,0.0,0.0,0.0,0.0,0.0,0.0,-0.2054481506347656,2.334268569946289,99540.0,173.80775451660156,294.8991394042969,0.0,67.9,0.5,0.0,0.0,0.0,294.0571594238281,294.4808349609375,0.014900000000000004,293.31056213378906,95.4,-0.20319271087646484,0.932785987854004,0.9388782589230686,-0.20319271087646484,0.932785987854004,-50.0,0.0,0.0,0.0,0.0,0.0,0.0,0.0,0.0,0.0,0.0,0.0,0.4428,0.09,15.0,21.0,51.0,14.0,-1.2000000000000002,360.0,-45.0,42.521391987800605,60.75,0.0,0.0,60.75,90100.0,1035.4896774291992,822.2565116882324,87600.0,1560.9259033203125,270.7,0.0,418.6,0.0,394.56292724609375,0.0,0.0,0.0,71.3,77.30000000000003,5.514154434204102,-4.824714660644531,8.186683654785156,-0.16885757446289062,9.298038482666016,-1.2197513580322266,4062.200625,78.0,62700.0,4060.0,78.0,62600.0,6120.0,7450.0,-3.2,1010.0
11,0,2019,7,30,3.125,-999.0,0.004,14200.0,-10.0,-10.0,-10.0,2.4398597553372383,15.98137664794922,13.416038513183596,12.177452087402346,12.99700164794922,5836.34423828125,264.82635498046875,241.62478637695312,10.558781623840332,1.5379009246826172,3158.03076171875,279.29965209960943,278.24978637695307,9.456215858459473,5.153631210327148,1534.7486572265625,288.5974426269531,288.9372863769531,5.527544021606445,1.0548276901245115,292.84808349609375,291.36854553222656,5.86872673034668,0.8969001770019531,295.40692138671875,293.2580108642578,0.8989334106445312,-0.19234657287597656,0.0,-0.02504491806030273,0.011099576950073242,101523.0,132.30508804321292,0.0,0.0,0.0,0.0,0.0,0.0,0.0,0.0,0.0,0.0,0.0,0.0,0.0,0.0,0.7983779907226562,0.5693817138671875,99530.0,173.80775451660156,294.8390655517578,0.0,68.2,0.5,0.0,0.0,0.0,294.9024658203125,295.3510437011719,0.01488,293.3408966064453,89.60000000000002,0.6028757095336914,-0.442866325378418,0.7521773797925562,0.6028757095336914,-0.442866325378418,-50.0,0.0,0.0,0.0,0.0,0.0,0.0,0.0,0.0,0.0,0.0,0.0,0.4428,0.04,-1.0,3.0,43.0,14.0,-1.8,540.0,-55.0,43.58647060394287,70.25,0.0,0.0,70.25,87600.0,1278.5306339263916,1041.3171119689941,84800.0,1877.9727935791016,268.2,1.0,422.0,0.125,394.03700256347656,0.0,1.0,53.90000000000001,81.7,54.1,6.230635643005371,-5.321586608886719,6.0691871643066415,0.4856281280517578,9.359445571899414,0.011627197265625,4095.72203125,72.0,62500.0,4100.0,72.0,62300.0,6100.0,7400.0,-4.3,1450.0
12,0,2019,7,30,14.5625,-999.0,0.008,12400.0,-10.0,-10.0,-10.0,3.4109922274947166,14.54877471923828,13.293277740478516,11.9811372756958,12.380477905273438,5837.14990234375,264.768310546875,237.93728637695312,9.83364963531494,-0.871612548828125,3158.40625,279.09194946289057,278.06228637695307,9.729291915893556,4.183116912841797,1536.239990234375,288.55279541015625,286.9372863769531,5.7135562896728525,0.7355442047119141,292.58514404296875,292.3747863769531,5.632744789123535,1.140512466430664,295.1007080078125,293.9997863769531,0.4075517654418945,0.8998432159423828,0.0,-0.018931865692138672,-0.02122974395751953,101549.0,134.52042388916016,0.0,0.0,0.0,0.0,0.0,0.0,0.0,0.0,0.0,0.0,0.0,0.0,0.0,0.0,0.7569541931152344,1.4088878631591797,99560.0,173.80775451660156,295.66058349609375,0.0,67.5,0.5,0.0,0.0,0.0,294.84136962890625,295.2300109863281,0.01534,293.8122863769531,93.7,0.3106346130371094,0.6935710906982422,0.8136459081433713,0.3106346130371094,0.6935710906982422,-50.0,0.0,0.0,0.0,0.0,0.0,0.0,0.0,0.0,0.0,0.0,0.0,0.4428,0.07,12.0,23.0,2.0,14.0,-2.5,860.0,-24.0,43.07120454311371,68.25,3.0,0.0,68.25,96300.0,462.3278007507324,349.1421012878418,87600.0,1563.6800079345703,271.5,22.70000000000001,424.1,3.5,398.4270782470703,0.0,22.70000000000001,219.7,76.10000000000002,53.8,3.8527441024780273,-5.3089332580566415,5.6465492248535165,-0.6535091400146484,8.349689483642576,-2.7383708953857417,4101.96625,70.0,62400.0,4100.0,70.0,62300.0,6080.0,7330.0,-4.2,1550.0
13,0,2019,7,30,14.3125,-999.0,0.016,13400.0,-10.0,-10.0,-10.0,3.418261729180813,14.240583419799805,11.545848846435547,13.193516731262207,13.311899185180664,5839.14794921875,264.1729736328125,234.74978637695312,8.793155670166017,-1.4414052963256836,3161.5419921875,278.816650390625,278.06228637695307,8.205323219299316,3.380565643310547,1540.160888671875,288.5798645019531,285.1872863769531,5.3118934631347665,1.7309799194335938,292.93585205078125,292.7497863769531,4.752320289611816,1.6512107849121094,296.15380859375,294.8747863769531,0.5793919563293457,0.7282619476318359,0.0,0.0002384185791015625,-0.027869462966918945,101585.0,137.22336196899414,0.0,0.0,0.0,0.0,0.0,0.0,0.0,0.0,0.0,0.0,0.0,0.0,0.0,0.0,0.65521240234375,0.6046543121337891,99580.0,173.80775451660156,296.5187072753906,0.0,67.2,0.4,0.0,0.0,0.0,296.3357238769531,296.673095703125,0.01633,294.8122863769531,92.5,0.4286661148071289,0.2347707748413086,0.5022058475296944,0.4286661148071289,0.2347707748413086,-50.0,0.0,0.0,0.0,0.0,0.0,0.0,0.0,0.0,0.0,0.0,0.0,0.4419,0.01,0.0,1.0,-40.0,14.0,-4.5,1510.0,-5.0,41.27750766277313,59.875,0.0,0.0,59.875,94600.0,625.2543067932129,473.1598129272461,52700.0,1044.8639678955078,265.90000000000003,106.1,426.1,16.5,403.2348937988281,0.0,106.1,342.2000000000001,62.1,40.8,2.8432722091674805,-5.46466064453125,4.519292831420898,0.9374713897705078,7.609966278076173,-2.5567626953125,4160.38640625,56.0,62000.0,4160.0,55.0,61900.0,6000.0,7268.0902099609375,-5.4,1900.0
14,0,2019,7,30,-10.0,-999.0,0.0,14000.0,-10.0,-10.0,-10.0,4.985828977078199,13.526121139526367,9.78351593017578,12.79092025756836,9.230047225952148,5839.2705078125,263.6596069335937,241.49978637695312,7.908365249633789,-1.0083675384521484,3163.39404296875,278.82958984375,277.31228637695307,6.936147689819336,4.23822021484375,1542.3382568359375,288.4797058105469,285.4997863769531,4.288853645324707,2.090923309326172,292.5872802734375,292.196044921875,4.170778274536134,4.2246456146240225,296.9513854980469,295.47125244140625,0.5825471878051758,2.111900329589844,0.0,0.0005521774291992189,0.004630088806152344,101609.0,139.33850860595706,0.0,0.0,0.0,0.0,0.0,0.0,0.0,0.0,0.0,0.0,0.0,0.0,0.0,0.0,0.7496500015258789,2.9350814819335938,99610.0,173.80775451660156,299.0159912109375,0.0,65.7,0.4,0.0,0.0,0.0,297.5083312988281,297.8669738769531,0.016819999999999998,295.3122863769531,88.9,0.5659313201904297,2.2569351196289062,2.3157678171992298,0.5659313201904297,2.2569351196289062,-50.0,0.0,0.0,0.0,0.0,0.0,0.0,0.0,0.0,0.0,0.0,0.0,0.4419,0.19,43.0,94.0,-28.0,14.0,-6.5,2240.0,0.0,40.66807162761688,60.75,0.0,0.0,60.75,96300.0,464.91382789611816,350.84622955322266,92500.0,1271.6637649536133,278.3,43.8,434.4,6.7704983707517385,417.0026245117188,0.0,43.8,550.3000000000002,46.90000000000001,35.6,0.9029216766357422,-3.905227661132813,3.7853078842163086,1.1917791366577148,7.34715461730957,-3.792266845703125,4142.43015625,54.0,62100.0,4140.0,54.0,62000.0,5900.0,7231.5716552734375,-6.5,2200.0
15,0,2019,7,30,-10.0,-999.0,0.0,14900.0,-10.0,-10.0,-10.0,3.6029314547777176,14.109685897827148,8.877227783203125,12.563108444213867,6.927085876464844,5844.984375,263.2987670898437,240.68728637695312,7.594822883605957,-0.6847686767578125,3168.2294921875,279.32052612304693,275.43728637695307,6.472576141357423,3.661220550537109,1546.5721435546875,288.538330078125,284.8747863769531,3.7405080795288086,2.1353311538696294,292.5896911621094,292.44996643066406,2.816544532775879,2.7951622009277344,297.95062255859375,295.9372100830078,1.200657844543457,1.812713623046875,0.0,-0.00312042236328125,-0.009831428527832031,101641.0,142.30606460571292,0.0,0.0,0.0,0.0,0.0,0.0,0.0,0.0,0.0,0.0,0.0,0.0,0.0,0.0,1.2481050491333008,2.5646743774414062,99640.0,173.80775451660156,300.5846862792969,0.0,65.10000000000001,0.4,0.0,0.0,0.0,298.69403076171875,298.9981994628906,0.017150000000000002,295.6247863769531,85.4,1.0963630676269531,2.1508445739746094,2.377699155593291,1.0963630676269531,2.1508445739746094,-50.0,0.0,0.0,0.0,0.0,0.0,0.0,0.0,0.0,0.0,0.0,0.0,0.4419,0.18,50.0,126.0,-137.0,14.0,-7.800000000000002,2590.0,0.0,39.606755256652825,78.875,0.0,0.0,78.875,94600.0,627.9218769073486,475.11987686157227,90200.0,1291.601448059082,279.90000000000003,202.7,435.70000000000016,31.404379839077592,425.6805114746094,0.0,202.7,568.9,31.20000000000001,20.0,1.1626663208007812,-4.825874328613281,2.488834381103516,0.5911245346069336,7.291435241699219,-2.7842559814453125,4250.5940625,34.0,61300.0,4250.0,34.0,61200.0,5850.0,7220.0,-7.5,2450.0
16,0,2019,7,30,-10.0,-999.0,0.0,16500.0,-10.0,-10.0,-10.0,3.382558047771454,13.595731735229492,9.941184997558594,10.684308052062988,6.687946319580077,5846.23779296875,263.4066772460937,241.43728637695312,6.191692352294923,1.788106918334961,3167.68017578125,279.660888671875,274.87478637695307,4.410684585571289,4.238178253173828,1546.27685546875,288.66217041015625,284.3122863769531,3.4074440002441406,3.5085344314575195,292.7453918457031,292.3765869140625,1.5555047988891602,2.220067024230957,298.61163330078125,295.69224548339844,1.0864143371582031,1.7086734771728516,0.0,0.02487325668334961,0.02464926242828369,101620.0,140.78406906127933,0.0,0.0,0.0,0.0,0.0,0.0,0.0,0.0,0.0,0.0,0.0,0.0,0.0,0.0,1.2907485961914062,1.295269012451172,99630.0,173.80775451660156,302.1977844238281,0.0,63.2,0.30000000000000004,0.0,0.0,0.0,298.87713623046875,299.2549743652344,0.016900000000000002,295.3747863769531,81.30000000000003,1.3041515350341797,1.3374652862548828,1.8157108465675265,1.3041515350341797,1.3374652862548828,-50.0,0.0,0.0,0.0,0.0,0.0,0.0,0.0,0.0,0.0,0.0,0.0,0.4419,0.16699999999999998,90.0,230.0,-95.0,14.0,-7.6,2580.0,0.0,39.51049304008485,54.625,0.0,0.0,54.625,92500.0,824.6801586151123,636.5297317504883,87600.0,1568.60009765625,279.8,231.2,436.4,35.905984312295914,435.2227478027344,0.0,231.2,654.0,29.9,19.3,3.7544002532958975,-4.967987060546875,1.945499420166016,2.8368682861328125,6.148181915283202,0.712249755859375,4291.9521875,31.0,61000.0,4290.0,31.0,60900.0,5870.0,7230.0,-7.2,2390.0
17,0,2019,7,30,34.4375,734.2,0.156,2000.0,-10.0,-10.0,-10.0,2.2561977803707123,12.144460678100586,10.27078628540039,10.076205253601074,6.7594947814941415,5848.52099609375,263.60781860351557,242.31228637695312,7.11683464050293,1.0953512191772459,3166.973388671875,279.1800537109375,276.37478637695307,5.541340827941895,1.9930095672607424,1546.563720703125,288.79632568359375,288.4372863769531,3.603837013244629,2.562908172607422,293.05078125,292.4495544433594,1.594369888305664,1.314960479736328,298.8064270019531,296.4960021972656,1.034074783325195,0.7841396331787109,0.0,-0.02471780776977539,-0.02241671085357666,101606.0,139.4804458618164,42.0625,0.0,0.0,0.0,0.0,0.0,0.0,0.0,0.0,0.0,0.0,0.0,0.0,0.0,2.1154336929321294,0.7653942108154297,99620.0,173.80775451660156,301.8999938964844,0.0,60.2,0.1,0.0,0.0,0.0,297.39251708984375,297.74090576171875,0.017750000000000002,296.18426513671875,92.6,1.8637466430664065,0.6622114181518555,2.001786252250895,1.8637466430664065,0.6622114181518555,-50.0,0.0,0.0,0.0,0.0,0.0,0.0,0.0,0.0,0.0,0.0,0.0,0.4419,0.19399999999999998,160.0,230.0,130.0,14.0,-7.7,2690.0,0.0,43.96527969837189,40.625,0.0,0.0,40.625,87600.0,1285.5004539489746,1048.380916595459,78400.0,2638.6895599365234,269.0,39.0,431.0,6.038068890571594,433.2702331542969,0.0,38.8,883.0,38.5,-0.8,3.644683837890625,-6.0218658447265625,-0.4900856018066406,1.2258682250976562,6.436504364013673,0.4064521789550781,4375.09875,31.0,60400.0,4380.0,31.0,60300.0,5910.0,7260.0,-7.300000000000002,2500.0
18,0,2019,7,30,-5.125,-999.0,0.0,14600.0,-10.0,-10.0,-10.0,2.00109626352787,9.3892822265625,12.374305725097654,8.611760139465332,8.219158172607424,5844.8818359375,263.5108642578125,245.56228637695312,7.431955337524414,0.6623115539550781,3163.086181640625,279.29873657226557,274.87478637695307,6.06186580657959,1.7136249542236328,1542.74658203125,288.4586181640625,287.4372863769531,4.557512283325195,1.2427730560302734,293.19842529296875,291.92425537109375,0.7942914962768555,1.1955299377441406,298.70263671875,296.30718994140625,0.5945329666137695,0.12008380889892578,0.0,-0.015465259552001953,0.024203777313232425,101560.0,135.53140640258792,0.0,0.0,0.0,0.0,0.0,0.0,0.0,0.0,0.0,0.0,0.0,0.0,0.0,0.0,0.27732181549072266,0.053192138671875,99570.0,173.80775451660156,302.9624938964844,0.0,62.5,0.1,0.0,0.0,0.0,298.3912353515625,298.7340087890625,0.017560000000000003,295.9944763183594,86.5,0.3968315124511719,0.14697647094726562,0.4403579903300852,0.3968315124511719,0.14697647094726562,-50.0,0.0,0.0,0.0,0.0,0.0,0.0,0.0,0.0,0.0,0.0,0.0,0.4419,0.059,60.0,120.0,-20.0,14.0,-8.1,2820.0,0.0,39.860577464103706,4.125,0.0,0.0,4.125,--,--,--,--,--,287.7,950.0,392.6,147.2867649272084,439.4455261230469,930.0,80.60000000000002,176.0,52.7,30.0,3.539648056030273,-6.5719261169433585,2.7020244598388667,1.9910097122192385,8.503595352172853,0.2858867645263672,4398.667500000001,22.0,60200.0,4400.0,22.0,60100.0,5880.0,7280.0,-7.5,2570.0
19,0,2019,7,30,-10.0,-999.0,0.0,17100.0,-10.0,-10.0,-10.0,2.4725480377674103,7.4936370849609375,13.346794128417967,7.5841331481933585,7.2000274658203125,5845.92919921875,263.4139404296875,245.56228637695312,6.696287155151367,0.9832286834716796,3164.611328125,279.394775390625,274.31228637695307,6.678107261657715,2.382495880126953,1541.69677734375,289.50628662109375,286.0622863769531,4.60261344909668,0.5351467132568359,293.96661376953125,292.3358612060547,0.9980449676513672,0.4783344268798828,299.8294982910156,296.3330993652344,0.924274444580078,0.3822774887084961,0.0,-0.028423309326171875,-0.011199951171875,101497.0,130.31218719482422,0.0,0.0,0.0,0.0,0.0,0.0,0.0,0.0,0.0,0.0,0.0,0.0,0.0,0.0,0.6860809326171875,0.5966796875,99520.0,173.80775451660156,305.8999938964844,0.0,57.5,0.0,0.0,0.0,0.0,299.68536376953125,300.1089172363281,0.0176,296.0466003417969,80.2,0.6920013427734375,0.6552267074584961,0.940502118319273,0.6920013427734375,0.6552267074584961,-50.0,0.0,0.0,0.0,0.0,0.0,0.0,0.0,0.0,0.0,0.0,0.0,0.4419,0.12,170.0,220.0,-100.0,14.0,-8.9,3170.0,4.975357055664063,39.39020299911499,5.0,0.0,0.0,5.0,--,--,--,--,--,292.8,908.0,397.6,140.9507630541921,456.9209289550781,925.0,77.0,170.0,38.7,16.5,4.072404861450194,-6.606729507446289,2.3065223693847656,0.11552619934082033,6.980571746826173,0.6661853790283203,4384.254375,24.0,60300.0,4380.0,24.0,60200.0,5870.0,7260.0,-8.4,2930.0
20,0,2019,7,30,-10.0,-999.0,0.0,20500.0,-10.0,-10.0,-10.0,2.5468014478683467,8.069644927978517,13.54071807861328,6.825788497924805,6.482450485229492,5849.86962890625,263.6874389648437,244.43728637695312,5.7366228103637695,1.4151744842529297,3164.32275390625,279.9293212890625,273.62478637695307,6.909942626953125,1.8671808242797847,1538.6611328125,290.2962646484375,281.31228637695307,5.710968017578125,-0.1441173553466797,295.0373840332031,290.2371520996094,2.5505046844482417,0.5548315048217773,300.009521484375,295.1048583984375,1.4241781234741209,1.5806646347045898,0.0,-0.002079010009765625,-0.002271533012390137,101436.0,124.96844863891602,0.0,0.0,0.0,0.0,0.0,0.0,0.0,0.0,0.0,0.0,0.0,0.0,0.0,0.0,1.831892013549805,1.6653575897216797,99450.0,173.80775451660156,306.39996337890625,0.0,49.40000000000001,0.0,0.0,0.0,0.0,300.326171875,300.8796691894531,0.016290000000000002,294.74058532714844,72.9,1.6192951202392578,1.7778282165527344,2.3809076338075097,1.6192951202392578,1.7778282165527344,-50.0,0.0,0.0,0.0,0.0,0.0,0.0,0.0,0.0,0.0,0.0,0.0,0.4419,0.21,210.0,270.0,-140.0,14.0,-7.300000000000002,2430.0,-3.0,34.512465238571174,0.0,0.0,0.0,0.0,--,--,--,--,--,299.3,818.0,390.1,126.8029060587287,459.9508056640625,916.0,71.60000000000002,157.0,29.3,20.3,4.450064659118652,-6.5671749114990225,3.4088172912597656,-1.675334930419922,4.610095977783203,0.12262916564941405,4501.4046875,16.0,59400.0,4500.0,16.0,59300.0,5910.0,7300.0,-7.1000000000000005,2350.0
21,0,2019,7,30,-10.0,-999.0,0.0,25600.0,-10.0,-10.0,-10.0,4.960226342082024,6.756853103637695,9.859649658203123,5.5218162536621085,5.063676834106445,5860.48681640625,263.88336181640625,238.93728637695312,5.772495269775393,-0.9787120819091796,3170.045654296875,281.10794067382807,272.06228637695307,7.139744758605957,1.4181089401245115,1539.4552001953125,290.9351501464844,281.5622863769531,6.448709487915039,1.8188791275024407,295.7373046875,288.96795654296875,4.133687973022462,4.057962417602538,300.26153564453125,293.2403564453125,2.083702087402344,3.157181739807129,0.0,-0.013213872909545898,-0.002288937568664551,101418.0,123.7079620361328,0.0,0.0,0.0,0.0,0.0,0.0,0.0,0.0,0.0,0.0,0.0,0.0,0.0,0.0,2.594043731689453,3.958576202392578,99430.0,173.80775451660156,305.58746337890625,0.0,41.8,0.0,0.0,0.0,0.0,300.9489440917969,301.4525146484375,0.01436,292.7509460449219,64.60000000000001,2.0486297607421875,3.3919095993041988,3.9400164429098368,2.0486297607421875,3.3919095993041988,-50.0,0.0,0.0,0.0,0.0,0.0,0.0,0.0,0.0,0.0,0.0,0.0,0.4419,0.3,190.0,260.0,-190.0,14.0,-4.7,1370.0,-22.0,32.94512224197388,69.875,8.875,0.0,69.875,87500.0,1292.2268924713135,1053.824119567871,87500.0,1576.617073059082,300.7,615.0,400.5,95.52391640096904,454.8258056640625,799.0,66.10000000000001,182.2,46.7,28.70000000000001,-1.0504131317138672,-2.5925216674804688,3.8374156951904297,-0.4902858734130859,3.8701248168945312,-5.009737014770508,4584.561875,11.0,58800.0,4580.0,11.0,58800.0,5950.0,7410.0,-5.7,1620.0
22,0,2019,7,30,37.5,6215.400000000002,0.268,26000.0,9.75,24.125,17.0,9.696161568164824,5.6555137634277335,11.461509704589846,6.7239646911621085,5.404958724975586,5859.76806640625,263.53790283203125,253.74978637695312,5.356996536254883,-0.9139938354492188,3172.699462890625,280.55105590820307,278.43728637695307,5.263787269592285,-0.3370685577392578,1541.760009765625,289.83740234375,289.1872863769531,5.998659133911133,0.32122039794921875,295.74334716796875,291.6872863769531,6.2954607009887695,0.9807987213134766,300.20111083984375,293.38751220703125,3.972366333007813,-0.4970455169677734,0.0625,0.030914783477783207,0.01977121829986573,101436.0,125.6111135482788,4.625,23.375,0.0,0.0,0.0,0.0,0.0,0.0,0.0,0.0,0.0,0.0,0.0,0.0,9.362405776977539,-2.036510467529297,99450.0,173.80775451660156,303.21246337890625,0.0,36.0,0.0,0.0,0.0,0.0,301.01434326171875,301.5203552246094,0.01457,292.96348571777344,64.0,6.555675506591798,-1.562763214111328,6.7523022457025945,6.555675506591798,-1.562763214111328,-50.0,0.0,0.0,0.0,0.0,0.0,0.0,0.0,0.0,0.0,0.0,0.0,0.4419,0.48,120.0,170.0,-110.0,14.0,-5.4,1550.0,-8.0,49.86104917526245,56.5,9.5,1.625,56.5,87500.0,1291.0354347229004,1053.4077987670898,21400.0,1890.6713104248047,157.4,5.1000000000000005,443.70000000000016,0.760785311460495,440.9508056640625,0.0,5.1000000000000005,552.8000000000002,13.0,-7.9,8.525751113891603,6.510154724121094,0.15491294860839844,2.407451629638672,-4.6411170959472665,1.4417152404785156,4354.31234375,100.0,60600.0,4350.0,100.0,60500.0,5910.0,7250.0,-6.4,1910.0
23,0,2019,7,30,29.5,8510.6,0.624,17200.0,28.1875,22.25,19.0625,2.0396627709269524,3.2980098724365234,9.361579895019533,6.306334495544434,6.879343032836914,5857.02734375,263.4574584960937,262.24978637695307,6.20634651184082,-0.1732168197631836,3170.128173828125,280.40997314453125,277.99978637695307,2.686864852905273,1.133056640625,1539.1224365234375,290.2110290527344,288.4372863769531,2.576796531677246,-4.452385902404785,294.3201904296875,291.01560974121094,1.3031387329101562,-4.1578216552734375,297.0983581542969,294.13433837890625,-0.971548080444336,-0.7048587799072266,0.0,0.012946605682373049,0.019404768943786614,101470.0,128.39204025268558,17.25,25.1875,0.0,0.0,0.0,0.0,0.0,0.0,0.0,0.0,0.00527,0.0,0.0,0.0,0.6283435821533203,1.882022857666016,99490.0,173.80775451660156,297.4624938964844,0.0,74.7,0.30000000000000004,0.0,0.0,0.0,297.20172119140625,297.6791687011719,0.015519999999999999,293.98118591308594,82.9,0.5868911743164062,1.9444561004638672,2.0053998064249754,0.5868911743164062,1.9444561004638672,-50.0,0.0,0.0,0.0,0.0,0.0,0.0,0.0,0.0,0.0,0.0,0.0,0.4419,0.1,0.0,30.0,-90.0,14.0,-4.6000000000000005,1130.0,-31.0,51.717620611190796,0.0,24.0,37.375,37.375,62000.0,4157.731098175049,3597.6608848571777,29100.0,5851.646774291992,165.3,1.1,419.6,0.1310418494977057,408.5340270996094,0.0,1.1,355.70000000000016,-8.0,-11.3,1.5986671447753906,-8.714958190917969,1.8806209564208984,-8.864989280700684,6.642616271972656,0.15913963317871094,4354.49703125,100.0,60600.0,4350.0,100.0,60500.0,5900.0,7400.0,-5.4,1280.0
