Hour,Minute,Year,Month,Date,ATT1,ATT2,ATT3,ATT4,ATT5,ATT6,ATT7,ATT8,ATT9,ATT10,ATT11,ATT12,ATT13,ATT14,ATT15,ATT16,ATT17,ATT18,ATT19,ATT20,ATT21,ATT22,ATT23,ATT24,ATT25,ATT26,ATT27,ATT28,ATT29,ATT30,ATT31,ATT32,ATT33,ATT34,ATT35,ATT36,ATT37,ATT38,ATT39,ATT40,ATT41,ATT42,ATT43,ATT44,ATT45,ATT46,ATT47,ATT48,ATT49,ATT50,ATT51,ATT52,ATT53,ATT54,ATT55,ATT56,ATT57,ATT58,ATT59,ATT60,ATT61,ATT62,ATT63,ATT64,ATT65,ATT66,ATT67,ATT68,ATT69,ATT70,ATT71,ATT72,ATT73,ATT74,ATT75,ATT76,ATT77,ATT78,ATT79,ATT80,ATT81,ATT82,ATT83,ATT84,ATT85,ATT86,ATT87,ATT88,ATT89,ATT90,ATT91,ATT92,ATT93,ATT94,ATT95,ATT96,ATT97,ATT98,ATT99,ATT100,ATT101,ATT102,ATT103,ATT104,ATT105,ATT106,ATT107,ATT108,ATT109,ATT110,ATT111,ATT112,ATT113,ATT114,ATT115,ATT116,ATT117,ATT118,ATT119,ATT120,ATT121,ATT122,ATT123,ATT124,ATT125,ATT126,ATT127,ATT128,ATT129,ATT130,ATT131,ATT132
0,0,2019,6,18,-10.0,-999.0,0.0,19300.0,-10.0,-10.0,-10.0,5.937937378883362,16.991762161254886,12.375198364257812,14.819189071655273,13.15420913696289,5842.8310546875,265.00830078125,253.56228637695312,14.603436470031738,11.881200790405273,3157.96044921875,279.20782470703125,275.51646423339844,14.517788887023926,8.314116477966309,1534.140625,289.63092041015625,286.3277740478516,5.978803634643555,6.736793518066406,295.28759765625,289.82115173339844,0.2924537658691406,7.013753890991211,299.3720703125,294.9258117675781,-1.7070083618164062,2.2277488708496094,0.0,0.011442184448242188,0.028500914573669437,101417.0,122.75104522705078,0.0,0.0,0.0,0.0,0.0,0.0,0.0,0.0,0.0,0.0,0.0,0.0,0.0,0.0,-2.802379608154297,3.9531192779541016,98360.0,266.4952545166016,298.2831115722656,0.0,66.2,0.0,0.0,0.0,0.0,298.3616943359375,299.7912292480469,0.015950000000000002,294.2458190917969,77.5,-2.165590286254884,2.2987041473388667,3.127134532900527,-2.165590286254884,2.2987041473388667,-50.0,0.0,0.0,0.0,0.0,0.0,0.0,0.0,0.0,0.0,0.0,0.0,0.2816,0.2,0.0,40.0,-40.0,14.0,-5.1000000000000005,1460.0,-16.0,40.700333595275886,0.0,5.875,3.125,5.875,--,--,--,--,--,271.7,117.6,385.70000000000016,18.75,413.0583801269531,482.0,35.2,44.7,149.0,90.0,9.51128387451172,0.5660324096679688,5.7738094329833975,4.169025421142578,16.781299591064453,7.369405746459961,4318.72,72.0,60700.0,4320.0,71.0,60600.0,6150.0,7900.0,-4.800000000000002,1330.0
1,0,2019,6,18,-10.0,-999.0,0.0,16700.0,-10.0,-10.0,-10.0,3.739890810102224,19.63005256652832,11.327459335327148,17.527973175048828,12.009521484375,5840.62158203125,264.82505798339844,253.68728637695312,13.655588150024414,10.509967803955078,3160.255859375,278.76837158203125,275.18728637695307,13.166748046875,6.979540824890138,1537.117919921875,290.060791015625,285.4372863769531,5.6665706634521475,6.297142028808594,295.6219482421875,289.5245666503906,-0.16414260864257812,8.152519226074219,298.78289794921875,294.5069580078125,-1.3017616271972656,1.4694557189941406,0.0,0.006064414978027344,0.021257400512695312,101441.0,124.84424781799316,0.0,0.0,0.0,0.0,0.0,0.0,0.0,0.0,0.0,0.0,0.0,0.0,0.0,0.0,-2.637674331665039,4.079345703125,98390.0,266.4952545166016,295.8343811035156,0.0,66.2,0.0,0.0,0.0,0.0,296.45367431640625,297.822265625,0.015790000000000002,294.05169677734375,82.80000000000003,-1.6217975616455078,1.364358901977539,2.1273594675585628,-1.6217975616455078,1.364358901977539,-50.0,0.0,0.0,0.0,0.0,0.0,0.0,0.0,0.0,0.0,0.0,0.0,0.2816,0.08,0.0,0.0,0.0,14.0,-4.5,1140.0,-50.0,40.182525634765625,0.0,1.625,62.125,62.125,--,--,9391.949249267578,--,10605.450035095215,268.90000000000003,0.0,381.20000000000016,0.0,399.63616943359375,0.0,0.0,0.0,155.0,97.1,8.04387092590332,-0.12673187255859375,4.8304595947265625,4.692798614501953,16.076061248779293,4.861042022705078,4177.92,86.0,61800.0,4180.0,86.0,61700.0,6150.0,7860.0,-4.1000000000000005,940.0
2,0,2019,6,18,-10.0,-999.0,0.0,14700.0,-10.0,-10.0,-10.0,4.222056172788143,20.70759391784668,13.692543029785154,16.900924682617188,10.351043701171877,5847.09619140625,264.61288452148443,260.74978637695307,13.716793060302734,7.574626922607423,3164.823486328125,279.51129150390625,274.24978637695307,12.70145034790039,7.9769630432128915,1536.561767578125,291.3879699707031,280.5247802734375,7.055519104003906,8.016090393066406,296.53948974609375,286.27879333496094,1.4420709609985352,8.739276885986326,297.8931884765625,293.5716247558594,-0.4867115020751953,1.5956954956054688,0.0,0.02620267868041992,-0.01466250419616699,101421.0,123.22351837158205,0.0,0.0,0.0,0.0,0.0,0.0,0.0,0.0,0.0,0.0,0.0,0.0,0.0,0.0,-1.2430038452148438,6.309049606323242,98370.0,266.4952545166016,294.35040283203125,0.0,66.2,0.0,0.0,0.0,0.0,294.8468017578125,296.24359130859375,0.01517,293.4600524902344,87.60000000000002,-0.5950946807861328,1.5578126907348633,1.63001539837569,-0.5950946807861328,1.5578126907348633,-50.0,0.0,0.0,0.0,0.0,0.0,0.0,0.0,0.0,0.0,0.0,0.0,0.2816,0.05,0.0,0.0,40.0,14.0,-3.3000000000000003,510.0,-130.0,36.73759770393372,0.0,80.25,90.25,90.25,31100.0,9394.367208480835,7318.568588256836,25600.0,12435.059135437012,249.6,0.0,367.4,0.0,391.60638427734375,0.0,0.0,0.0,162.0,106.3,6.7117271423339835,0.1526470184326172,5.715370178222656,6.5455284118652335,15.327899932861328,0.1331958770751953,4211.84,85.0,61600.0,4210.0,85.0,61500.0,6100.0,7880.0,-2.4000000000000004,300.0
3,0,2019,6,18,4.0,-999.0,0.002,14000.0,-10.0,-10.0,-10.0,3.476433284580708,18.9166259765625,12.629898071289062,17.571741104125973,9.98818588256836,5852.365234375,265.654800415039,264.62478637695307,13.8880615234375,9.909542083740234,3168.15185546875,278.92999267578125,274.06228637695307,11.045194625854492,7.853874206542969,1542.7596435546875,291.37872314453125,280.9471893310547,10.278387069702148,5.6715946197509775,297.04974365234375,285.3697814941406,4.503684997558594,8.021072387695312,297.61297607421875,293.18116760253906,0.7192535400390625,0.6882381439208984,0.0,-0.012104034423828123,-0.025762319564819336,101483.0,128.39808654785156,0.0,0.0,0.0,0.0,0.0,0.0,0.0,0.0,0.0,0.0,0.0,0.0,0.0,0.0,0.8747634887695312,5.9454612731933585,98420.0,266.4952545166016,293.80731201171875,0.0,66.2,0.0,0.0,0.0,0.0,294.23681640625,295.5916748046875,0.015,293.2599639892578,89.5,0.4066581726074219,0.6344833374023438,0.753564563812688,0.4066581726074219,0.6344833374023438,-50.0,0.0,0.0,0.0,0.0,0.0,0.0,0.0,0.0,0.0,0.0,0.0,0.2816,0.02,-1.0,0.0,40.0,14.0,-1.6,340.0,-160.0,38.657405614852905,0.0,95.875,100.0,100.0,61600.0,4201.537990570068,3653.9329109191895,61600.0,10715.237979888916,243.3,0.0,379.6,0.0,388.7942810058594,0.0,0.0,0.0,131.0,126.8,10.14590072631836,-0.08048439025878906,8.450143814086914,5.40391731262207,12.376134872436525,4.119974136352538,4133.12,100.0,62200.0,4130.0,99.0,62100.0,6310.0,7840.0,-0.9,210.0
4,0,2019,6,18,8.25,-999.0,0.0432,14500.0,6.375,1.3125,-0.875,4.729324597865342,23.488882064819336,12.807136535644533,18.313434600830078,11.159624099731444,5853.3330078125,264.76589965820307,263.43728637695307,13.285411834716795,5.068012237548828,3168.14208984375,279.65414428710943,275.795639038086,8.318955421447754,9.34688949584961,1541.611328125,290.4365539550781,284.01731872558594,7.207181930541992,5.522438049316406,295.998291015625,285.41551208496094,5.681324005126952,8.44239616394043,297.3431701660156,293.2308807373047,1.427961349487305,1.2465190887451172,0.0,-0.022714614868164062,-0.002512216567993164,101502.0,130.4162635803223,0.0,6.375,0.0,0.0,0.0,0.0,0.0,0.0,0.0,0.0,0.0,0.0,0.0,0.0,3.644821166992188,5.84617805480957,98450.0,266.4952545166016,293.4973449707031,0.0,66.2,0.0,0.0,0.0,0.0,294.23431396484375,295.5556640625,0.014709999999999999,292.9766998291016,88.2,1.8594341278076167,1.0991954803466797,2.126167913316749,1.8594341278076167,1.0991954803466797,-50.0,0.0,0.0,0.0,0.0,0.0,0.0,0.0,0.0,0.0,0.0,0.0,0.2816,0.09,-8.0,0.0,35.0,14.0,-2.2,340.0,-110.0,40.73590755462647,22.875,100.0,100.0,100.0,61600.0,4205.8015422821045,5520.090309143066,27300.0,10713.26787185669,208.2,0.0,388.6,0.0,387.0494689941406,0.0,0.0,0.0,65.0,61.8,5.673843383789063,-0.3904266357421875,5.2608184814453125,4.669958114624023,10.365516662597656,-2.1895580291748047,4281.28,88.0,61100.0,4280.0,88.0,61000.0,6130.0,7790.0,-1.7000000000000002,190.0
5,0,2019,6,18,12.875,-999.0,0.08320000000000001,14500.0,8.1875,7.375,6.5625,5.664458714425564,22.314367294311523,15.156852722167967,19.961219787597656,10.681137084960938,5842.935546875,264.28286743164057,263.56228637695307,13.908052444458008,5.4053306579589835,3166.307373046875,278.6840209960937,277.50051879882807,7.432548522949219,9.357242584228516,1543.7664794921875,289.794677734375,284.7052917480469,6.080267906188965,5.310749053955078,295.2711486816406,285.9889221191406,6.712615013122559,8.338840484619139,297.1065673828125,293.4936981201172,0.7682638168334961,1.395669937133789,0.0,-0.01250457763671875,0.012167930603027344,101568.0,135.63626861572266,0.0,11.75,0.0,0.0,0.0,0.0,0.0,0.0,0.0,0.0,0.0043100000000000005,0.0,0.0,0.0,3.4936580657958984,7.601705551147461,98500.0,266.4952545166016,293.73248291015625,0.0,66.2,0.0,0.0,0.0,0.0,294.4262390136719,295.75927734375,0.01484,293.11322021484375,88.2,0.7061214447021484,1.9671363830566408,2.064340024022385,0.7061214447021484,1.9671363830566408,-50.0,0.0,0.0,0.0,0.0,0.0,0.0,0.0,0.0,0.0,0.0,0.0,0.2816,0.09,-9.0,1.0,43.0,14.0,-2.9000000000000004,510.0,-80.0,43.084919929504395,7.5,95.75,91.875,95.75,61600.0,4196.6754722595215,3648.651222229004,25600.0,9831.642601013184,188.0,0.0,405.5,0.0,388.2309875488281,0.0,0.0,0.0,75.0,70.9,5.0709381103515625,0.03378868103027344,5.5431480407714835,3.3168487548828125,10.009620666503906,-3.0015163421630864,4086.24,97.0,62600.0,4090.0,96.0,62500.0,6050.0,7790.0,-2.5,380.0
6,0,2019,6,18,2.0,-999.0,0.0152,13900.0,-0.8125,-10.0,-8.9375,4.408832926303148,17.64968490600586,14.257383346557615,19.267045974731445,8.731237411499022,5841.01025390625,264.64849853515625,263.81228637695307,14.180908203125,8.88679313659668,3159.6669921875,278.88238525390625,278.49978637695307,8.053403854370117,11.14707088470459,1538.364501953125,289.5374755859375,283.1704406738281,5.424862861633301,5.340007781982422,294.4219665527344,285.2308654785156,8.897106170654297,5.152227401733398,296.43304443359375,293.33294677734375,0.5996160507202148,1.2787113189697266,0.0,0.019731521606445312,0.013928890228271484,101547.0,133.7973403930664,0.0,0.0,0.0,0.0,0.0,0.0,0.0,0.0,0.0,0.0,0.0,0.0,0.0,0.0,4.5177345275878915,5.8881473541259775,98480.0,266.4952545166016,293.44140625,0.0,66.2,0.0,0.0,0.0,0.0,294.0362243652344,295.33245849609375,0.014810000000000004,293.07215881347656,89.80000000000004,0.37228965759277344,1.4846267700195312,1.5638611932517958,0.37228965759277344,1.4846267700195312,-50.0,0.0,0.0,0.0,0.0,0.0,0.0,0.0,0.0,0.0,0.0,0.0,0.2816,0.05,-3.0,0.0,66.0,14.0,-2.2,360.0,-70.0,42.555062532424934,15.375,90.875,100.0,100.0,52400.0,5473.786716461182,5017.499404907227,27300.0,10698.94310760498,219.4,0.0,377.0,0.0,386.8438415527344,0.0,0.0,0.0,134.0,79.7,11.295867919921875,-0.14989089965820312,6.2651100158691415,3.0558567047119136,8.219081878662111,4.1461238861083975,4166.4,95.0,61900.0,4170.0,95.0,61800.0,6130.0,7810.0,-1.2000000000000002,190.0
7,0,2019,6,18,20.5625,4322.2,0.1072,12200.0,-9.25,-7.375,-5.125,2.2852815203368664,12.281497955322266,12.812820434570312,13.261041641235352,12.392303466796875,5840.14453125,264.65663146972656,264.1712188720703,13.633872985839846,10.667377471923828,3159.791259765625,279.38461303710943,276.81228637695307,7.79832649230957,12.437253952026367,1535.203369140625,289.74383544921875,284.0693817138672,5.7744712829589835,8.094444274902344,292.70184326171875,288.1815643310547,10.704435348510742,4.2510643005371085,295.19293212890625,293.70799255371094,0.3893756866455078,-0.326171875,0.0,0.00751495361328125,0.008557319641113281,101545.0,133.90238189697266,0.0,0.0,0.0,0.0,0.0,0.0,0.0,0.0,0.0,0.0,0.0,0.0,0.0,0.0,1.9323844909667969,-0.7441520690917969,98490.0,266.4952545166016,293.1357116699219,0.0,66.2,0.0,0.0,0.0,0.0,293.2886657714844,294.5843811035156,0.01462,292.8693084716797,95.1,0.05810737609863281,-0.8136491775512695,0.8130023376434109,0.05810737609863281,-0.8136491775512695,-50.0,0.0,0.0,0.0,0.0,0.0,0.0,0.0,0.0,0.0,0.0,0.0,0.2816,0.02,0.0,0.0,31.0,14.0,-1.5,240.0,-60.0,44.690361976623535,8.875,87.75,99.75,99.75,66100.0,3634.4103240966797,4205.039348602295,25600.0,10272.515396118164,198.3,0.0,394.0,0.0,385.1543884277344,0.0,0.0,0.0,91.0,20.0,12.824625015258787,1.6858654022216797,7.501075744628906,6.955606460571289,9.442363739013672,10.118854522705078,4096.32,94.0,62500.0,4100.0,94.0,62300.0,6120.0,7820.0,-1.3,190.0
8,0,2019,6,18,20.1875,4879.0,0.2048,12200.0,19.75,11.1875,4.375,3.662062536925077,16.32114601135254,10.304227828979492,17.926387786865234,11.348134994506836,5835.4560546875,265.0894775390625,264.68728637695307,11.872901916503904,9.855674743652344,3151.206298828125,279.191162109375,276.93728637695307,11.486736297607422,11.109724044799805,1527.560791015625,289.0878601074219,284.4013366699219,6.037135124206543,11.075540542602539,292.21722412109375,288.97596740722656,8.694210052490233,4.6802711486816415,294.76055908203125,293.67535400390625,0.2919406890869141,-0.041751861572265625,0.0,0.0005702972412109375,-0.00956583023071289,101473.0,127.89968872070312,11.125,11.4375,0.0,0.0,0.0,0.0,0.0,0.0,0.0,0.0,0.0031899999999999997,0.0,0.0,0.0,1.4701461791992188,0.2344970703125,98430.0,266.4952545166016,293.03839111328125,0.0,67.2,0.0,0.0,0.0,0.0,293.1518859863281,294.5115051269531,0.01459,292.83335876464844,96.2,0.07096195220947266,0.28868579864501953,0.3141387922223657,0.07096195220947266,0.28868579864501953,-50.0,0.0,0.0,0.0,0.0,0.0,0.0,0.0,0.0,0.0,0.0,0.0,0.2816,0.01,0.0,0.0,25.0,14.0,-1.0,160.0,-40.0,46.09251856803894,33.75,97.5,88.25,97.5,66000.0,3629.260814666748,4209.331035614014,27300.0,10268.780891418457,190.2,0.0,398.4,0.0,384.6394348144531,0.0,0.0,0.0,120.7,30.9,13.035377502441404,2.463119506835937,5.7814292907714835,8.404233932495117,8.574779510498049,8.866857528686523,4215.68,99.0,61500.0,4220.0,99.0,61400.0,6200.0,7870.0,-0.7000000000000001,120.0
9,0,2019,6,18,5.0625,-999.0,0.024800000000000003,12200.0,3.125,-5.8125,-6.5,0.8293358944356441,19.54562759399414,15.668830871582033,15.91718292236328,15.001483917236328,5833.21533203125,264.60357666015625,264.06228637695307,10.623165130615234,7.514732360839844,3150.42138671875,279.38201904296875,275.99978637695307,13.470280647277832,11.747865676879885,1525.1563720703125,289.3137512207031,287.052978515625,8.146916389465332,10.859807968139648,291.65936279296875,290.4993438720703,7.332538604736327,4.147560119628906,294.5333557128906,293.48155212402344,-0.6015186309814453,-0.2314949035644531,0.0,-0.006221771240234375,-0.02274298667907715,101450.0,125.98056030273438,0.0,0.0,0.0,0.0,0.0,0.0,0.0,0.0,0.0,0.0,0.0,0.0,0.0,0.0,-0.21451377868652344,-0.6345348358154297,98410.0,266.4952545166016,292.7568664550781,0.0,66.8,0.0,0.0,0.0,0.0,292.8333740234375,294.2077331542969,0.01438,292.58799743652344,96.9,-0.6418581008911133,-0.2727670669555664,0.689729611389339,-0.6418581008911133,-0.2727670669555664,-50.0,0.0,0.0,0.0,0.0,0.0,0.0,0.0,0.0,0.0,0.0,0.0,0.2816,0.02,0.0,0.0,26.0,14.0,-1.1,130.0,-70.0,46.9673113822937,14.0,95.75,10.0,95.75,61600.0,4190.916954040527,4203.480899810791,41400.0,7677.096210479736,223.6,0.0,396.0,0.0,383.2456970214844,0.0,0.0,0.0,116.6,52.90000000000001,12.273555755615234,0.926462173461914,8.214761734008789,9.340068817138672,9.054271697998047,6.1560306549072275,4172.64,96.0,61800.0,4170.0,96.0,61700.0,6070.0,7670.0,-2.1,320.0
10,0,2019,6,18,5.375,-999.0,0.024,12200.0,2.25,-1.6875,-8.5625,1.3185077626258137,18.187150955200195,17.768661499023438,16.589534759521484,17.669002532958984,5829.91650390625,264.8558959960937,264.31228637695307,8.442195892333983,6.9785919189453125,3148.082275390625,279.531494140625,276.8187713623047,11.069190979003906,15.353808403015135,1524.948486328125,288.4954528808594,287.9507598876953,10.96084213256836,8.452779769897461,291.698486328125,289.99757385253906,8.817888259887695,3.84292221069336,294.6925048828125,293.22271728515625,-0.22276687622070312,-0.06843948364257812,0.0,0.006403923034667969,0.027584075927734368,101456.0,126.54071807861328,0.0,0.0,0.0,0.0,0.0,0.0,0.0,0.0,0.0,0.0,0.00236,0.0,0.0,0.0,-0.18009185791015625,1.2429084777832031,98420.0,266.4952545166016,292.66009521484375,0.0,66.60000000000001,0.0,0.0,0.0,0.0,292.80841064453125,294.1922912597656,0.01427,292.4765930175781,95.2,-0.44570159912109375,-0.06243896484375,0.4400180713273585,-0.44570159912109375,-0.06243896484375,-50.0,0.0,0.0,0.0,0.0,0.0,0.0,0.0,0.0,0.0,0.0,0.0,0.2816,0.01,0.0,0.0,14.0,14.0,-0.8,130.0,-50.0,47.864079713821404,14.0,44.0,0.0,44.0,61600.0,4187.627271652222,3639.369686126709,38400.0,6082.120056152344,218.1,0.0,398.70000000000016,0.0,382.6139373779297,0.0,0.0,0.0,85.60000000000002,60.3,11.411558151245115,1.0992984771728516,11.460268020629885,7.069877624511719,7.1234703063964835,3.6708393096923833,4099.04,100.0,62400.0,4100.0,100.0,62200.0,6130.0,7710.0,-2.2,400.0
11,0,2019,6,18,19.0625,7432.6,0.2368,12200.0,16.125,16.5,17.875,5.472824454307556,19.782611846923828,17.916133880615234,19.19542121887207,15.91195297241211,5831.212890625,264.92709350585943,264.12478637695307,6.22437858581543,7.326545715332031,3148.37158203125,278.5103759765625,277.49978637695307,12.300457954406738,12.036885261535645,1528.3427734375,288.2655029296875,286.55076599121094,11.833511352539062,8.524044036865233,291.2268371582031,289.76715087890625,9.258064270019533,3.5972042083740234,294.448974609375,293.49700927734375,0.2753839492797852,0.7989597320556641,0.0,0.000690460205078125,-0.0245819091796875,101517.0,131.47539138793942,15.4375,24.8125,0.0,0.0,0.0,0.0,0.0,0.0,0.0,0.0,0.00193,0.0,0.0,0.0,1.573822021484375,2.42138671875,98470.0,266.4952545166016,293.1690979003906,0.0,67.4,0.1,0.0,0.0,0.0,293.15081787109375,294.46160888671875,0.014459999999999999,292.6989288330078,97.0,0.2877826690673828,0.6941814422607422,0.7500976434675977,0.2877826690673828,0.6941814422607422,-50.0,0.0,0.0,0.0,0.0,0.0,0.0,0.0,0.0,0.0,0.0,0.0,0.2816,0.06,0.0,1.0,4.0,14.0,-0.7000000000000001,130.0,-20.0,47.23850178718567,25.875,11.375,21.125,25.875,66100.0,3623.2557010650635,3137.2217330932617,35700.0,4191.431411743164,195.6,1.0,398.9,0.125,385.2182159423828,0.0,1.0,153.20000000000005,68.0,43.40000000000001,15.088338851928713,4.056791305541991,12.144237518310547,6.382373809814452,2.102014541625977,4.455495834350586,4160.8,97.0,61900.0,4160.0,97.0,61800.0,6140.0,7650.0,-0.9,150.0
12,0,2019,6,18,21.375,4395.0,0.1856,12800.0,20.5625,0.1875,-0.9375,5.902535185217857,20.918045043945312,16.243881225585938,19.488187789916992,14.57611846923828,5833.39111328125,264.99301147460943,264.12478637695307,7.311122894287107,7.018268585205077,3150.32421875,278.16983032226557,276.8617401123047,13.903462409973145,9.496886253356934,1529.9913330078125,288.3958435058594,286.07569885253906,11.151378631591797,9.203821182250977,291.48040771484375,288.87599182128906,8.519979476928711,3.0235805511474614,294.6117248535156,293.4804229736328,0.9260644912719728,1.6237945556640625,0.0,-0.01856040954589844,-0.03039121627807617,101540.0,133.1837158203125,0.0,4.75,0.0,0.0,0.0,0.0,0.0,0.0,0.0,0.0,0.0,0.0,0.0,0.0,1.912921905517578,2.3189067840576167,98480.0,266.4952545166016,294.7430114746094,0.0,67.2,0.1,0.0,0.0,0.0,293.97479248046875,295.2740173339844,0.01444,292.6392974853516,93.0,1.0861997604370115,1.7187557220458984,2.064651044085622,1.0861997604370115,1.7187557220458984,-50.0,0.0,0.0,0.0,0.0,0.0,0.0,0.0,0.0,0.0,0.0,0.0,0.2816,0.16,20.0,33.0,-37.0,14.0,-0.8,160.0,-20.0,45.733087182044976,0.5,15.625,67.125,67.125,66100.0,3623.138656616211,9090.491302490234,35700.0,10996.880645751953,224.5,92.4,388.70000000000016,14.75,393.6549530029297,194.0,31.0,248.0,82.80000000000003,45.1,15.033660888671875,1.815530776977539,10.361209869384766,5.097145080566406,2.730113983154297,3.3001384735107417,4237.12,96.0,61300.0,4240.0,96.0,61200.0,6150.0,7640.0,-0.5,130.0
13,0,2019,6,18,7.125,-999.0,0.03,13300.0,5.5625,-6.4375,-9.9375,6.600870035588741,19.874662399291992,16.763362884521484,19.61451911926269,14.513395309448242,5831.70703125,265.10220336914057,264.49978637695307,11.255851745605467,5.026742935180664,3147.71435546875,278.31228637695307,276.24978637695307,13.433992385864258,8.389939308166504,1530.49853515625,287.6538391113281,286.3968048095703,10.890079498291016,6.5332698822021475,291.498291015625,288.2600860595703,7.582023620605469,3.5392436981201167,295.19732666015625,293.75,1.077035903930664,2.191932678222656,0.0,0.023759841918945312,-0.029507160186767575,101558.0,134.53951644897458,0.0,0.0,0.0,0.0,0.0,0.0,0.0,0.0,0.0,0.0,0.0,0.0,0.0,0.0,1.811044692993164,3.1534519195556636,98490.0,266.4952545166016,296.6687316894531,0.0,68.10000000000001,0.1,0.0,0.0,0.0,294.8498840332031,296.1234436035156,0.014810000000000004,293.0429992675781,91.5,1.1445627212524414,2.3483028411865234,2.626494411495514,1.1445627212524414,2.3483028411865234,-50.0,0.0,0.0,0.0,0.0,0.0,0.0,0.0,0.0,0.0,0.0,0.0,0.27899999999999997,0.21,60.0,90.0,-52.0,14.0,-1.6,350.0,0.0,45.92754864692688,3.625,83.25,99.5,99.5,61600.0,4178.530336380005,3670.3738746643066,38400.0,11855.873664855957,234.5,422.8,382.8,67.625,404.1671142578125,747.0,48.90000000000001,155.5,106.4,73.9,11.062023162841797,-2.1749191284179688,10.477897644042967,1.5609016418457031,6.37196159362793,1.4594192504882812,4177.6,98.0,61700.0,4180.0,98.0,61600.0,6150.0,7720.0,-1.1,230.0
14,0,2019,6,18,18.5625,4578.6,0.14400000000000002,13300.0,15.3125,8.3125,6.3125,8.294944606721401,14.9864501953125,19.467544555664066,14.404165267944336,14.04946517944336,5829.17578125,264.91183471679693,264.03793334960943,12.00092887878418,6.043804168701173,3145.19482421875,278.41213989257807,278.12478637695307,11.618271827697756,8.503500938415527,1528.3720703125,287.3085021972656,286.11610412597656,8.136098861694336,6.085859298706055,291.2210998535156,286.677734375,9.026605606079102,2.87286376953125,295.12353515625,293.7116241455078,2.1860427856445312,2.2456417083740234,0.0,0.008419036865234375,0.018712282180786133,101544.0,133.75434112548828,7.9375,12.25,0.0,0.0,0.0,0.0,0.0,0.0,0.0,0.0,0.0,0.0,0.0,0.0,3.8112621307373047,3.796953201293945,98500.0,266.4952545166016,295.5518798828125,0.0,68.60000000000001,0.0,0.0,0.0,0.0,294.6561584472656,295.9454040527344,0.01479,293.0254669189453,92.0,2.4568796157836914,2.4503536224365234,3.5013144589029253,2.4568796157836914,2.4503536224365234,-50.0,0.0,0.0,0.0,0.0,0.0,0.0,0.0,0.0,0.0,0.0,0.0,0.27899999999999997,0.25,30.0,53.0,1.0,14.0,-1.6,380.0,0.0,46.42675995826721,14.0,93.625,100.0,100.0,66100.0,3617.9524993896484,3130.9990997314453,25600.0,11692.495712280273,181.7,55.90000000000001,402.0,8.893174724653363,398.08204650878906,60.0,16.0,689.0,101.7,53.90000000000001,11.641767501831055,-1.5608024597167969,7.525693893432617,0.4668693542480469,6.247051239013673,2.31951904296875,4162.56,100.0,61800.0,4160.0,100.0,61700.0,6110.0,7650.0,-1.2000000000000002,270.0
15,0,2019,6,18,27.3125,6424.200000000003,0.366,12900.0,18.4375,23.5,17.0,6.853222534060477,15.702255249023438,17.96657943725586,11.804433822631836,12.462215423583984,5832.7666015625,264.5978240966797,263.87478637695307,8.027509689331055,11.049266815185547,3147.4794921875,279.47637939453125,276.68728637695307,11.039161682128906,8.929925918579102,1525.578369140625,288.07757568359375,286.7225646972656,6.3146114349365225,3.1213054656982417,290.3161315917969,287.34112548828125,8.199222564697267,1.1046257019042969,294.38018798828125,292.9558410644531,2.069601058959961,1.117208480834961,0.0,0.019627094268798828,-0.01224207878112793,101506.0,130.95720672607422,14.75,21.9375,0.0,0.0,0.0,0.0,0.0,0.0,0.0,0.0,0.00236,0.0,0.0,0.0,3.032934188842773,1.2178325653076172,98470.0,266.4952545166016,294.83331298828125,0.0,79.7,0.2,0.0,0.0,0.0,293.5905456542969,294.90008544921875,0.013970000000000002,292.14894104003906,92.7,2.1249341964721684,0.8817272186279297,2.3148338594473903,2.1249341964721684,0.8817272186279297,-50.0,0.0,0.0,0.0,0.0,0.0,0.0,0.0,0.0,0.0,0.0,0.0,0.27899999999999997,0.18,30.0,50.0,15.0,14.0,-0.30000000000000004,40.0,-40.0,45.03268575668335,36.25,70.5,68.5,70.5,66100.0,3622.5250816345215,3633.330924987793,31100.0,9772.71418762207,192.3,9.3,398.1,1.5295498203486204,394.0369873046875,2.0,8.0,855.0,82.10000000000002,-7.1000000000000005,14.492536544799805,2.9349422454833984,6.1492252349853525,0.15888309478759766,2.9360637664794917,10.944034576416016,4199.52,100.0,61600.0,4200.0,100.0,61500.0,6080.0,7660.0,-0.8,60.0
16,0,2019,6,18,30.5,5958.200000000003,0.632,12200.0,27.5625,21.1875,7.5625,7.281055331230164,14.360383987426758,19.551776885986328,12.181827545166016,15.467815399169922,5833.31103515625,264.815673828125,263.68728637695307,10.632804870605467,9.26963996887207,3145.139892578125,279.38333129882807,276.43728637695307,13.368852615356445,4.835530281066895,1523.9189453125,287.5567321777344,284.9997863769531,6.440311431884768,2.703338623046875,290.4224853515625,288.84165954589844,7.438274383544923,3.994171142578125,293.8741455078125,293.43186950683594,1.1042098999023438,2.487468719482422,0.0,0.00942230224609375,0.017855167388916016,101507.0,130.91943359375,11.5625,14.4375,0.0,0.0,0.0,0.0,0.0,0.0,0.0,0.0,0.0039,0.0,0.0,0.0,2.976007461547852,3.5916881561279297,98450.0,266.4952545166016,297.8163146972656,0.0,74.5,0.30000000000000004,0.0,0.0,0.0,293.9305419921875,295.3143310546875,0.01436,292.5638732910156,95.5,1.9270133972167969,2.4591026306152344,3.12639654846862,1.9270133972167969,2.4591026306152344,-50.0,0.0,0.0,0.0,0.0,0.0,0.0,0.0,0.0,0.0,0.0,0.0,0.27899999999999997,0.25,140.0,160.0,-120.0,14.0,-0.7000000000000001,60.0,-4.0,45.190314948558814,40.125,34.5,77.5,77.5,66100.0,3621.100534439087,356.69333839416504,27300.0,11816.933757781982,181.5,52.0,398.8,8.286147397011517,410.4188232421875,40.0,15.8,923.0,55.40000000000001,27.5,13.493082046508787,-0.28906822204589844,4.246803283691406,-0.36984825134277344,5.9356746673583975,5.8882083892822275,4318.08,99.0,60700.0,4320.0,99.0,60600.0,6100.0,7760.0,-0.6000000000000001,40.0
17,0,2019,6,18,-10.0,-999.0,0.0,12200.0,-10.0,-10.0,-10.0,6.337570860981941,15.503652572631836,20.367427825927734,10.977790832519533,17.80044937133789,5833.751953125,265.1051788330078,264.31228637695307,14.969940185546875,6.213340759277344,3144.226806640625,279.23956298828125,278.24978637695307,12.75051498413086,7.0140933990478525,1523.017333984375,287.6606140136719,285.2497863769531,6.399160385131836,2.818885803222656,290.64306640625,288.7657623291016,5.2113914489746085,4.696952819824219,294.62158203125,293.783203125,0.15399646759033206,3.01849365234375,0.0,-0.01849651336669922,0.002922654151916504,101478.0,128.42757797241208,0.0,0.0,0.0,0.0,0.0,0.0,0.0,0.0,0.0,0.0,0.0,0.0,0.0,0.0,0.4207420349121094,4.120349884033203,98440.0,266.4952545166016,299.146484375,0.0,72.4,0.1,0.0,0.0,0.0,294.5726623535156,295.9493103027344,0.0147,292.9703369140625,93.7,0.16768741607666016,3.1817750930786133,3.1904155295342207,0.16768741607666016,3.1817750930786133,-50.0,0.0,0.0,0.0,0.0,0.0,0.0,0.0,0.0,0.0,0.0,0.0,0.27899999999999997,0.27,180.0,230.0,-50.0,14.0,-1.4,200.0,0.0,46.87384301424026,45.125,61.875,64.0,64.0,86700.0,1357.1158123016357,440.34050369262695,86700.0,11158.214210510254,256.1,545.0,403.6,87.29011398181318,417.78948974609375,0.0,545.4,500.0,96.8,51.40000000000001,8.790209770202638,-2.2640857696533203,5.771635055541992,-0.5764541625976562,13.369813919067385,1.9346122741699217,4361.28,99.0,60300.0,4360.0,99.0,60200.0,6140.0,7780.0,-1.0,120.0
18,0,2019,6,18,-10.0,-999.0,0.0,14300.0,-10.0,-10.0,-10.0,4.7984099835157386,15.247770309448242,20.317363739013672,14.09765625,18.244281768798828,5830.1943359375,265.396728515625,264.12478637695307,14.271495819091795,5.7507286071777335,3136.98291015625,279.0531005859375,278.93728637695307,11.94651985168457,6.417881011962893,1516.1798095703125,288.5675048828125,282.7970275878906,5.413444519042969,1.4629173278808594,290.7042541503906,290.5890045166016,4.083526611328125,3.544635772705078,295.84716796875,294.05067443847656,0.7279500961303711,2.538902282714844,0.0,0.01582169532775879,0.022891998291015625,101376.0,119.3417739868164,0.0,0.0,0.0,0.0,0.0,0.0,0.0,0.0,0.0,0.0,0.0,0.0,0.0,0.0,1.281841278076172,3.434062957763672,98330.0,266.4952545166016,299.5874938964844,0.0,71.0,0.0,0.0,0.0,0.0,296.0870666503906,297.54412841796875,0.01491,293.15478515625,87.30000000000004,0.9992170333862304,2.847552299499512,3.0032708439975977,0.9992170333862304,2.847552299499512,-50.0,0.0,0.0,0.0,0.0,0.0,0.0,0.0,0.0,0.0,0.0,0.0,0.27899999999999997,0.24,120.0,130.0,-190.0,14.0,-1.9,360.0,0.0,47.04818022251129,71.25,51.75,58.75,71.25,93400.0,713.2145004272461,563.0086975097656,91300.0,9311.134773254395,258.3,421.0,416.3,67.42185509577394,420.1756286621094,0.0,421.3,589.0,64.10000000000001,25.4,8.361328125,-3.171451568603516,3.909011840820313,-1.4327096939086914,12.363609313964846,1.974523544311524,4418.84390625,97.0,59800.0,4420.0,97.0,59800.0,6210.0,7740.0,-1.5,240.0
19,0,2019,6,18,-10.0,-999.0,0.0,16300.0,-10.0,-10.0,-10.0,4.180585540831089,18.65798759460449,20.013858795166016,14.383153915405273,13.943988800048828,5824.44091796875,264.95223999023443,264.56228637695307,11.914175033569336,5.167852401733398,3134.69384765625,278.98260498046875,278.87478637695307,13.196405410766602,5.980607986450195,1513.97509765625,288.5584716796875,282.7497863769531,5.458148956298828,1.0631103515625,291.19207763671875,290.6647033691406,2.752647399902344,3.244941711425781,297.02056884765625,294.12815856933594,0.7251386642456055,2.4150123596191406,0.0,0.00936269760131836,-0.010086655616760254,101335.0,115.69380569458008,0.0,0.0,0.0,0.0,0.0,0.0,0.0,0.0,0.0,0.0,0.0,0.0,0.0,0.0,0.815608024597168,3.013971328735352,98290.0,266.4952545166016,299.3999938964844,0.0,70.10000000000001,0.0,0.0,0.0,0.0,297.0882873535156,298.615478515625,0.015119999999999996,293.37371826171875,82.60000000000002,0.61871337890625,2.576409339904785,2.6265329958405346,0.61871337890625,2.576409339904785,-50.0,0.0,0.0,0.0,0.0,0.0,0.0,0.0,0.0,0.0,0.0,0.0,0.27899999999999997,0.2,70.0,90.0,-180.0,14.0,-3.1,790.0,0.0,47.652602314949036,81.625,43.25,0.25,81.625,91300.0,907.6622581481934,722.5885467529297,52400.0,6079.356056213379,248.5,315.0,421.1,50.41490127146244,419.2453002929688,0.0,315.1,640.0,57.3,27.0,8.262985229492188,-3.842082977294922,4.2899532318115225,-1.1598615646362305,10.52700424194336,2.1181011199951167,4344.950625,99.0,60400.0,4340.0,99.0,60300.0,6110.0,7720.0,-2.4000000000000004,490.0
20,0,2019,6,18,-10.0,-999.0,0.0,16900.0,-10.0,-10.0,-10.0,4.264092542231083,19.3200740814209,20.61346435546875,17.019126892089847,12.010818481445312,5824.82177734375,265.1507110595703,264.74978637695307,11.468353271484375,5.196020126342773,3131.71728515625,279.2191162109375,278.93728637695307,10.750224113464355,4.49732780456543,1510.0501708984375,288.4547119140625,285.4997863769531,4.580116271972656,1.2855987548828125,291.2338562011719,290.56471252441406,1.4407329559326172,4.0164451599121085,297.025390625,293.8976135253906,0.5992269515991211,2.826358795166016,0.0,-0.013097763061523438,0.005296587944030762,101275.0,110.75704193115234,0.0,0.0,0.0,0.0,0.0,0.0,0.0,0.0,0.0,0.0,0.0,0.0,0.0,0.0,0.8325481414794922,3.6762294769287123,98240.0,266.4952545166016,300.2749938964844,0.0,69.5,0.0,0.0,0.0,0.0,297.0279541015625,298.5545654296875,0.0147,292.92523193359375,80.5,0.8227405548095703,2.991153717041016,3.1263718974078074,0.8227405548095703,2.991153717041016,-50.0,0.0,0.0,0.0,0.0,0.0,0.0,0.0,0.0,0.0,0.0,0.0,0.27899999999999997,0.25,120.0,140.0,-80.0,14.0,-2.6,530.0,0.0,48.05082607269287,85.0,21.375,0.0,85.0,89000.0,1122.3971042633057,722.1771507263184,48300.0,6689.248260498047,235.7,161.0,420.4,25.65792877227068,424.1555480957031,0.0,161.0,709.5,44.3,18.6,6.725875854492188,-3.863128662109375,3.0877037048339844,-1.458478927612305,10.36700439453125,1.068572998046875,4408.31046875,97.0,59900.0,4410.0,97.0,59800.0,6120.0,7820.0,-2.3000000000000003,390.0
21,0,2019,6,18,-10.0,-999.0,0.0,18000.0,-10.0,-10.0,-10.0,3.143125832080841,20.16603660583496,20.39279556274414,18.790307998657227,10.858131408691406,5824.98388671875,265.30039978027344,264.24978637695307,11.794708251953125,3.6723232269287123,3129.814697265625,279.69821166992193,278.37478637695307,10.302220344543457,5.224449157714844,1506.228271484375,288.611083984375,285.51806640625,4.907794952392578,2.438617706298828,291.9895935058594,291.0608215332031,0.7740020751953125,3.461734771728516,297.7881774902344,294.1999816894531,0.27643394470214844,2.04046630859375,0.0,-0.02324962615966797,-0.01868271827697754,101194.0,103.93120574951172,0.0,0.0,0.0,0.0,0.0,0.0,0.0,0.0,0.0,0.0,0.0,0.0,0.0,0.0,0.4750499725341797,2.4460277557373047,98170.0,266.4952545166016,300.14996337890625,0.0,69.2,0.0,0.0,0.0,0.0,297.5081481933594,299.1439208984375,0.01493,293.1414489746094,78.4,0.4636659622192383,2.0731258392333984,2.1272271673660725,0.4636659622192383,2.0731258392333984,-50.0,0.0,0.0,0.0,0.0,0.0,0.0,0.0,0.0,0.0,0.0,0.0,0.27899999999999997,0.17,70.0,100.0,-130.0,14.0,-3.2,710.0,0.0,46.94759154319763,45.125,11.375,10.25,45.125,88900.0,1125.116096496582,914.364688873291,86400.0,1643.4736251831055,260.90000000000003,215.0,423.8,34.52225149795413,423.4812316894531,0.0,215.4,486.70000000000016,69.9,21.70000000000001,6.928895950317383,-4.2484703063964835,2.7525463104248047,0.35758399963378906,10.557058334350586,1.1909217834472656,4465.62796875,89.0,59400.0,4470.0,89.0,59400.0,6160.0,7800.0,-2.9000000000000004,600.0
22,0,2019,6,18,-10.0,-999.0,0.0,21500.0,-10.0,-10.0,-10.0,3.7998264022171497,20.02511978149414,17.045299530029293,17.716856002807614,9.96799087524414,5823.3955078125,265.35037231445307,263.99978637695307,12.184818267822266,5.156871795654297,3128.1923828125,279.70098876953125,278.18728637695307,8.740671157836914,3.8281211853027344,1504.4385986328125,288.79827880859375,285.52008056640625,5.175416946411133,4.8862266540527335,293.5296630859375,290.8094940185547,0.7257537841796875,3.2547836303710938,299.2444152832031,294.1080474853516,0.3615083694458008,1.333993911743164,0.0,-0.006251811981201172,-0.011207818984985352,101131.0,98.33153247833252,0.0,0.0,0.0,0.0,0.0,0.0,0.0,0.0,0.0,0.0,0.0,0.0,0.0,0.0,0.5050926208496094,1.7291107177734375,98090.0,266.4952545166016,300.21246337890625,0.0,68.9,0.0,0.0,0.0,0.0,298.6741638183594,300.32769775390625,0.01475,292.93792724609375,71.60000000000002,0.4344081878662109,1.3455219268798828,1.4438001401722431,0.4344081878662109,1.3455219268798828,-50.0,0.0,0.0,0.0,0.0,0.0,0.0,0.0,0.0,0.0,0.0,0.0,0.27899999999999997,0.12,30.0,80.0,-120.0,14.0,-3.6,980.0,0.0,47.38804042339325,14.75,2.0,16.5,16.5,--,--,--,--,--,265.2,500.0,388.4,80.13362402934581,423.745849609375,810.0,60.90000000000001,113.3,98.0,41.5,7.7224769592285165,-3.5464019775390625,2.868877410888672,3.2128868103027344,11.258886337280273,3.2315025329589844,4456.0,94.0,59500.0,4460.0,94.0,59400.0,6180.0,7780.0,-3.4000000000000004,910.0
23,0,2019,6,18,-10.0,-999.0,0.0,22800.0,-10.0,-10.0,-10.0,4.676394354552032,20.097949981689453,11.55074691772461,20.05886650085449,8.572065353393555,5820.296875,265.3768768310547,263.24978637695307,11.38589859008789,4.103717803955078,3125.8291015625,279.84988403320307,278.74978637695307,8.839349746704102,5.22435188293457,1501.38525390625,288.57177734375,286.6872863769531,6.152444839477539,5.655296325683594,293.88677978515625,293.24549865722656,1.5003185272216797,3.3679103851318364,299.8104553222656,294.0261688232422,0.9954433441162108,1.351274490356445,0.0,0.0012974739074707033,-0.02252507209777832,101075.0,93.5366554260254,0.0,0.0,0.0,0.0,0.0,0.0,0.0,0.0,0.0,0.0,0.0,0.0,0.0,0.0,1.26800537109375,2.1394176483154297,98040.0,266.4952545166016,299.96246337890625,0.0,68.5,0.0,0.0,0.0,0.0,299.07373046875,300.7659606933594,0.01484,293.0596160888672,70.10000000000001,1.100637435913086,1.5440216064453125,1.940094343619421,1.100637435913086,1.5440216064453125,-50.0,0.0,0.0,0.0,0.0,0.0,0.0,0.0,0.0,0.0,0.0,0.0,0.27899999999999997,0.15,20.0,80.0,-40.0,14.0,-3.8,1060.0,0.0,48.23142445087433,45.125,0.0,0.0,45.125,91000.0,914.7091274261475,727.379264831543,88800.0,1376.7364234924316,265.40000000000003,85.9,434.5,13.751131471828554,422.4462585449219,0.0,85.9,246.5,94.0,39.5,7.481884002685548,-3.370307922363281,2.9647979736328125,3.3982410430908203,10.185897827148438,1.948974609375,4428.96,91.0,59700.0,4430.0,91.0,59600.0,6220.0,7770.0,-4.5,1470.0
